2 0.796875 0.20390625 0.25703125 0.4078125
2 0.928125 0.675 0.14375 0.65
2 0.84609375 0.87734375 0.25625 0.24453125
2 0.17890625 0.778125 0.35703125 0.44375
2 0.34921875 0.471875 0.36640625 0.6296875
2 0.60078125 0.45546875 0.3296875 0.65
1 0.23046875 0.21171875 0.09453125 0.0796875
1 0.253125 0.3640625 0.05546875 0.090625
1 0.3234375 0.3265625 0.04140625 0.0625
1 0.375 0.40546875 0.04453125 0.06171875
1 0.45 0.38828125 0.0734375 0.08984375
1 0.4859375 0.215625 0.1015625 0.13671875
2 0.55390625 0.89140625 0.09375 0.21640625
2 0.70390625 0.9046875 0.08515625 0.190625
2 0.5078125 0.0265625 0.1171875 0.053125