0 0.60625 0.22890625 0.13046875 0.4578125
1 0.68515625 0.86015625 0.103125 0.2359375
1 0.79921875 0.78125 0.1484375 0.18828125
1 0.93671875 0.7625 0.1265625 0.246875
1 0.7921875 0.58828125 0.1296875 0.1296875
1 0.83515625 0.43046875 0.103125 0.1296875
1 0.9453125 0.46796875 0.109375 0.1890625
1 0.93828125 0.5734375 0.0828125 0.128125
1 0.87421875 0.9078125 0.09609375 0.18359375
0 0.21875 0.4 0.13984375 0.253125
0 0.3109375 0.62265625 0.1765625 0.37109375
0 0.753125 0.35234375 0.09921875 0.16640625
0 0.4765625 0.9375 0.053125 0.125
0 0.61015625 0.625 0.1609375 0.28125
2 0.3125 0.15859375 0.328125 0.3171875
2 0.49453125 0.57109375 0.19453125 0.75234375