2 0.55078125 0.8203125 0.8984375 0.359375
2 0.5 0.4453125 1 0.371875
2 0.5 0.07421875 1 0.1484375
1 0.75390625 0.81640625 0.28046875 0.1046875
1 0.69296875 0.94375 0.15390625 0.11171875
1 0.91796875 0.92734375 0.1640625 0.1421875
1 0.27109375 0.8 0.23828125 0.08671875
1 0.3 0.925 0.1984375 0.15
1 0.3875 0.50546875 0.20859375 0.13984375
1 0.94296875 0.54296875 0.11328125 0.2625
1 0.8390625 0.1671875 0.321875 0.13984375
1 0.45078125 0.03984375 0.16171875 0.07578125
1 0.05 0.41015625 0.09921875 0.13671875
1 0.4171875 0.37890625 0.20859375 0.1078125