2 0.55625 0.8125 0.8875 0.375
2 0.5 0.44296875 1 0.34609375
2 0.5 0.08359375 1 0.16640625
1 0.72109375 0.78828125 0.26171875 0.09765625
1 0.6640625 0.9078125 0.14375 0.10390625
1 0.89921875 0.91328125 0.2015625 0.1734375
1 0.27109375 0.7734375 0.221875 0.08046875
1 0.2984375 0.90390625 0.18515625 0.16640625
1 0.3796875 0.4984375 0.19453125 0.13046875
1 0.921875 0.5328125 0.15625 0.24375
1 0.825 0.18359375 0.34921875 0.13046875
1 0.43828125 0.06484375 0.15078125 0.0703125
1 0.05546875 0.41015625 0.1109375 0.12734375
1 0.40703125 0.38125 0.19453125 0.1