1 0.62265625 0.7546875 0.121875 0.14140625
1 0.421875 0.73984375 0.0609375 0.05546875
1 0.45 0.59453125 0.040625 0.10390625
1 0.4859375 0.64296875 0.0421875 0.04453125
1 0.53203125 0.57578125 0.03125 0.04375
1 0.61328125 0.58359375 0.0796875 0.0828125
2 0.265625 0.26015625 0.53125 0.5203125
2 0.53125 0.46953125 0.36015625 0.50234375
2 0.76484375 0.4828125 0.29375 0.63359375
2 0.90546875 0.721875 0.1890625 0.55625
2 0.696875 0.1 0.09140625 0.19921875
2 0.853125 0.0859375 0.07578125 0.17109375
2 0.953125 0.1484375 0.09296875 0.296875