0 0.471875 0.37890625 0.2265625 0.12734375
1 0.93984375 0.56484375 0.1203125 0.22421875
1 0.071875 0.39375 0.14375 0.09765625
1 0.859375 0.2015625 0.28125 0.1625
1 0.3125 0.7734375 0.1296875 0.06796875
1 0.3828125 0.9390625 0.09453125 0.06484375
1 0.7453125 0.92109375 0.096875 0.0765625
1 0.7984375 0.81875 0.08359375 0.13515625
1 0.84609375 0.92578125 0.090625 0.06796875
1 0.96015625 0.91640625 0.0796875 0.1140625
1 0.49921875 0.07421875 0.10390625 0.0546875
2 0.50234375 0.08671875 0.9953125 0.1734375
2 0.5 0.546875 1 0.59921875
2 0.60390625 0.79765625 0.79140625 0.4046875