2 0.225 0.30859375 0.44921875 0.61640625
2 0.50390625 0.1515625 0.3109375 0.303125
2 0.78515625 0.11171875 0.2609375 0.22265625
2 0.596875 0.72578125 0.23828125 0.26171875
2 0.56328125 0.44765625 0.2609375 0.334375
2 0.72734375 0.340625 0.16484375 0.328125
1 0.5421875 0.26015625 0.046875 0.06171875
1 0.58828125 0.30703125 0.0484375 0.090625
1 0.5609375 0.453125 0.0609375 0.1046875
1 0.528125 0.3671875 0.0484375 0.0890625
1 0.58828125 0.696875 0.06640625 0.12890625
1 0.68125 0.57265625 0.0390625 0.07421875
1 0.6953125 0.68125 0.040625 0.075
1 0.7375 0.8109375 0.04453125 0.11171875
1 0.67578125 0.8390625 0.05390625 0.1078125
1 0.625 0.83046875 0.046875 0.08046875
1 0.596875 0.8859375 0.04921875 0.08046875
1 0.47734375 0.93671875 0.08203125 0.1265625
1 0.365625 0.87890625 0.0828125 0.1421875