2 0.8046875 0.215625 0.24609375 0.43125
2 0.93046875 0.6875 0.1390625 0.625
2 0.85234375 0.88125 0.2453125 0.23671875
2 0.19140625 0.7859375 0.3828125 0.428125
2 0.375 0.49140625 0.35078125 0.60234375
2 0.61640625 0.47578125 0.315625 0.62265625
1 0.26171875 0.2421875 0.090625 0.07578125
1 0.28359375 0.3890625 0.053125 0.08671875
1 0.35078125 0.35234375 0.03984375 0.06015625
1 0.4 0.428125 0.0421875 0.059375
1 0.471875 0.41171875 0.0703125 0.0859375
1 0.50625 0.24609375 0.09765625 0.13046875
2 0.57109375 0.89453125 0.08984375 0.21015625
2 0.715625 0.9078125 0.08125 0.184375
2 0.52734375 0.0453125 0.1125 0.090625