2 0.4484375 0.19140625 0.89609375 0.38203125
2 0.5 0.56953125 1 0.35546875
2 0.5 0.9265625 1 0.146875
1 0.271875 0.21484375 0.26875 0.1
1 0.33046875 0.0921875 0.14765625 0.10703125
1 0.096875 0.08828125 0.19375 0.1765625
1 0.734375 0.2296875 0.228125 0.0828125
1 0.70546875 0.09609375 0.18984375 0.17109375
1 0.62265625 0.51171875 0.2 0.13359375
1 0.07265625 0.47578125 0.1453125 0.2515625
1 0.17265625 0.8359375 0.3453125 0.13359375
1 0.56171875 0.95703125 0.1546875 0.071875
1 0.94921875 0.603125 0.1015625 0.13125
1 0.59375 0.6328125 0.2 0.103125