2 0.7140625 0.26953125 0.50625 0.5390625
2 0.384375 0.48203125 0.37734375 0.578125
2 0.15234375 0.5234375 0.2984375 0.64296875
2 0.04296875 0.8609375 0.0859375 0.27734375
1 0.29453125 0.8171875 0.1265625 0.1234375
2 0.20390625 0.09609375 0.06953125 0.1921875
2 0.03671875 0.071875 0.0734375 0.14375
2 0.28359375 0.978125 0.0984375 0.04296875
1 0.4765625 0.78046875 0.07265625 0.0546875
1 0.45703125 0.6296875 0.03671875 0.07265625
1 0.41953125 0.6859375 0.0390625 0.0484375
1 0.37890625 0.60390625 0.02890625 0.0609375
1 0.30234375 0.62890625 0.03515625 0.0359375
1 0.26015625 0.596875 0.04765625 0.07109375
1 0.29765625 0.80078125 0.1171875 0.13046875