0 0.41640625 0.34453125 0.2546875 0.12109375
1 0.059375 0.37578125 0.11796875 0.09765625
1 0.9203125 0.51640625 0.159375 0.2515625
1 0.82734375 0.1625 0.34453125 0.13125
1 0.73828125 0.78125 0.134375 0.09140625
1 0.69453125 0.896875 0.1484375 0.09765625
1 0.946875 0.934375 0.103125 0.13125
1 0.82421875 0.93671875 0.1203125 0.071875
1 0.3078125 0.9453125 0.1203125 0.0703125
1 0.27578125 0.76875 0.14375 0.0640625
2 0.57890625 0.7859375 0.7265625 0.428125
2 0.5 0.41875 1 0.3765625
2 0.4828125 0.090625 0.965625 0.18125