2 0.20078125 0.6734375 0.4015625 0.653125
2 0.4625 0.8453125 0.34296875 0.309375
2 0.7703125 0.88984375 0.28671875 0.2203125
2 0.5640625 0.22578125 0.2625 0.28828125
2 0.5265625 0.53203125 0.28671875 0.36796875
2 0.70703125 0.65 0.18125 0.36015625
1 0.503125 0.73828125 0.0515625 0.06796875
1 0.55390625 0.68671875 0.053125 0.09921875
1 0.52421875 0.5265625 0.06640625 0.11484375
1 0.48828125 0.62109375 0.053125 0.0984375
1 0.55390625 0.2578125 0.0734375 0.1421875
1 0.65625 0.39453125 0.04296875 0.08203125
1 0.67109375 0.275 0.04453125 0.08203125
1 0.71796875 0.1328125 0.04921875 0.12265625
1 0.65 0.1015625 0.059375 0.11875
1 0.59453125 0.11171875 0.0515625 0.0890625
1 0.56328125 0.05 0.0546875 0.0890625
1 0.43203125 0.03203125 0.08984375 0.0640625
1 0.309375 0.06796875 0.090625 0.13515625