2 0.68203125 0.73203125 0.53046875 0.5359375
2 0.33671875 0.52421875 0.39453125 0.60625
2 0.125 0.4796875 0.25 0.675
1 0.2421875 0.17265625 0.13203125 0.12890625
2 0.146875 0.9140625 0.0734375 0.171875
2 0.23125 0.0125 0.103125 0.025
1 0.4328125 0.2109375 0.07578125 0.05703125
1 0.4125 0.36875 0.03828125 0.0765625
1 0.3734375 0.31015625 0.040625 0.05078125
1 0.33046875 0.39609375 0.03046875 0.06328125
1 0.25078125 0.3703125 0.03671875 0.0375
1 0.20625 0.40390625 0.05 0.075
1 0.2453125 0.1890625 0.12265625 0.13671875