0 0.67578125 0.83671875 0.06875 0.0953125
0 0.6015625 0.740625 0.03515625 0.04375
0 0.996875 0.5 0.00625 0.084375
0 0.1640625 0.47109375 0.1921875 0.32890625
0 0.12578125 0.03046875 0.0578125 0.0609375
0 0.0328125 0.13125 0.028125 0.10546875
2 0.103125 0.1828125 0.20625 0.365625
2 0.3171875 0.13046875 0.06171875 0.12734375
0 0.334375 0.61484375 0.13125 0.06484375
2 0.43828125 0.89140625 0.334375 0.21640625
2 0.790625 0.53984375 0.41875 0.6484375
0 0.66328125 0.62890625 0.0328125 0.0671875
0 0.83125 0.63984375 0.0515625 0.08125
0 0.996875 0.67421875 0.00625 0.0828125
0 0.93828125 0.4203125 0.1234375 0.02734375