0 0.43671875 0.3578125 0.2890625 0.1328125
1 0.0859375 0.38671875 0.17109375 0.1796875
1 0.91796875 0.525 0.1640625 0.19765625
1 0.76015625 0.8015625 0.1921875 0.1109375
1 0.690625 0.9234375 0.09921875 0.0765625
1 0.97421875 0.934375 0.05078125 0.10546875
1 0.8171875 0.9546875 0.125 0.0546875
1 0.8484375 0.18046875 0.303125 0.115625
1 0.2640625 0.77734375 0.1203125 0.07578125
1 0.29609375 0.925 0.16640625 0.13671875
2 0.5 0.09765625 1 0.1953125
2 0.5 0.42578125 1 0.4546875
2 0.5484375 0.78125 0.82890625 0.43671875