0 0.80546875 0.2796875 0.2578125 0.13828125
0 0.5640625 0.25859375 0.0671875 0.09375
0 0.4796875 0.3578125 0.07265625 0.08359375
0 0.25859375 0.2890625 0.11640625 0.10078125
0 0.04765625 0.225 0.0203125 0.04140625
0 0.365625 0.76484375 0.10078125 0.1578125
0 0.5203125 0.6375 0.0390625 0.04765625
0 0.38515625 0.61484375 0.04609375 0.05390625
2 0.9 0.11953125 0.2 0.23828125
2 0.7515625 0.46171875 0.31875 0.20859375
2 0.39765625 0.37734375 0.4453125 0.69140625
2 0.13828125 0.33671875 0.1515625 0.20234375
2 0.065625 0.26328125 0.13125 0.17734375
2 0.10625 0.74609375 0.21171875 0.13203125