0 0.37890625 0.23671875 0.1359375 0.47265625
1 0.29609375 0.884375 0.1078125 0.23125
1 0.17734375 0.8109375 0.1546875 0.196875
1 0.05 0.790625 0.1 0.25859375
1 0.184375 0.609375 0.13515625 0.13515625
1 0.1390625 0.44453125 0.1078125 0.13515625
1 0.040625 0.48515625 0.08125 0.19609375
1 0.03828125 0.59296875 0.0765625 0.1328125
1 0.0984375 0.9234375 0.10078125 0.153125
0 0.7828125 0.41328125 0.1453125 0.2640625
0 0.6859375 0.64609375 0.184375 0.3875
0 0.225 0.36328125 0.10390625 0.17421875
0 0.5125 0.9546875 0.05625 0.08984375
0 0.37421875 0.64765625 0.1671875 0.29296875
2 0.68515625 0.16328125 0.3421875 0.32578125
2 0.49453125 0.59140625 0.203125 0.7859375