0 0.37890625 0.32109375 0.24609375 0.1171875
2 0.5 0.4 1 0.36328125
2 0.56640625 0.78515625 0.8203125 0.4296875
2 0.5 0.07421875 1 0.1484375
1 0.71328125 0.7625 0.15390625 0.1171875
1 0.63984375 0.89296875 0.15390625 0.1171875
1 0.9546875 0.8890625 0.090625 0.13125
1 0.8640625 0.93203125 0.271875 0.1359375
1 0.26875 0.91875 0.1109375 0.0890625
1 0.2 0.7546875 0.125 0.125
1 0.8890625 0.50078125 0.221875 0.24765625
1 0.80859375 0.11953125 0.3828125 0.14765625
1 0.39765625 0.44296875 0.13203125 0.1
1 0.05234375 0.34296875 0.10390625 0.1125