2 0.7015625 0.2328125 0.48125 0.465625
2 0.27890625 0.9234375 0.14921875 0.15234375
2 0.81171875 0.82734375 0.37578125 0.3453125
2 0.4796875 0.71875 0.3125 0.5625
1 0.30703125 0.52421875 0.06953125 0.18046875
1 0.425 0.50625 0.1234375 0.22421875
1 0.4890625 0.6296875 0.0859375 0.13828125
1 0.53671875 0.94140625 0.0953125 0.1171875
1 0.37109375 0.79921875 0.05234375 0.08046875
1 0.35078125 0.66796875 0.059375 0.09921875
1 0.62734375 0.09765625 0.20390625 0.1953125
1 0.60546875 0.35234375 0.11015625 0.1453125
1 0.73125 0.4515625 0.103125 0.23203125