0 0.19140625 0.2703125 0.25078125 0.13515625
0 0.4265625 0.25 0.06484375 0.09140625
0 0.50859375 0.34609375 0.0703125 0.08125
0 0.72421875 0.2796875 0.11328125 0.0984375
0 0.9296875 0.2171875 0.01953125 0.040625
0 0.6203125 0.74296875 0.09765625 0.15390625
0 0.46953125 0.61875 0.03828125 0.04609375
0 0.6015625 0.596875 0.04453125 0.05234375
2 0.0984375 0.11484375 0.196875 0.2296875
2 0.24375 0.44765625 0.3109375 0.203125
2 0.5890625 0.365625 0.43359375 0.67421875
2 0.8421875 0.32578125 0.14765625 0.196875
2 0.92421875 0.25390625 0.1515625 0.17265625
2 0.88515625 0.725 0.2296875 0.12890625