0 0.57578125 0.6609375 0.25390625 0.14296875
1 0.06015625 0.453125 0.1203125 0.25
1 0.971875 0.64375 0.05625 0.109375
1 0.14921875 0.859375 0.2984375 0.18203125
1 0.7546875 0.21875 0.1453125 0.07578125
1 0.67578125 0.03515625 0.10703125 0.0703125
1 0.26953125 0.05390625 0.10859375 0.0859375
1 0.21015625 0.16796875 0.09375 0.1515625
1 0.15703125 0.0484375 0.10078125 0.07578125
1 0.03671875 0.0609375 0.0734375 0.121875
1 0.54609375 0.98515625 0.1171875 0.02890625
2 0.5 0.9453125 1 0.10859375
2 0.5 0.47265625 1 0.6703125
2 0.4359375 0.209375 0.87109375 0.41875