1 0.3734375 0.246875 0.12890625 0.15
1 0.58671875 0.2625 0.0640625 0.05859375
1 0.55703125 0.41640625 0.04296875 0.11015625
1 0.51875 0.365625 0.04453125 0.046875
1 0.4703125 0.43671875 0.0328125 0.04609375
1 0.38359375 0.428125 0.084375 0.08828125
2 0.7359375 0.74765625 0.528125 0.5046875
2 0.47109375 0.54921875 0.38203125 0.5328125
2 0.22265625 0.534375 0.31171875 0.671875
2 0.08671875 0.28828125 0.17265625 0.57578125
2 0.2953125 0.91796875 0.096875 0.1640625
2 0.12890625 0.9328125 0.0796875 0.134375
2 0.0359375 0.865625 0.071875 0.26875