0 0.56328125 0.359375 0.2671875 0.5546875
1 0.40859375 0.359375 0.0703125 0.20390625
1 0.28125 0.4359375 0.14296875 0.1765625
1 0.2140625 0.27421875 0.12421875 0.21875
1 0.28984375 0.67734375 0.20859375 0.21875
1 0.09375 0.7390625 0.18671875 0.1921875
1 0.08828125 0.6078125 0.0765625 0.1375
1 0.02734375 0.5453125 0.0546875 0.28125
1 0.11796875 0.4515625 0.1140625 0.16796875
1 0.07265625 0.340625 0.1453125 0.203125
0 0.38125 0.9375 0.059375 0.12421875
0 0.85703125 0.90390625 0.0921875 0.1859375
0 0.59296875 0.84296875 0.08046875 0.11875
0 0.66328125 0.70703125 0.04453125 0.13359375
0 0.78828125 0.59921875 0.0515625 0.05859375
0 0.7890625 0.80703125 0.05859375 0.12890625
2 0.46640625 0.78046875 0.0828125 0.4390625
2 0.71640625 0.7671875 0.1421875 0.465625