1 0.2875 0.84921875 0.09375 0.15625
2 0.046875 0.88984375 0.09296875 0.20234375
1 0.45390625 0.825 0.078125 0.05546875
1 0.40234375 0.725 0.03203125 0.05390625
1 0.24765625 0.66015625 0.0875 0.1078125
1 0.35078125 0.6453125 0.0484375 0.0703125
1 0.42734375 0.68515625 0.04609375 0.09609375
2 0.675 0.296875 0.471875 0.59375
2 0.34921875 0.46640625 0.325 0.4078125
2 0.153125 0.59140625 0.30625 0.62421875
2 0.03203125 0.1109375 0.06328125 0.221875
2 0.178125 0.12890625 0.1796875 0.2578125
2 0.98359375 0.07890625 0.0328125 0.1578125