0 0.4390625 0.3578125 0.29453125 0.13515625
1 0.084375 0.38671875 0.16875 0.1828125
1 0.921875 0.5265625 0.15625 0.2
1 0.76875 0.80859375 0.1953125 0.1125
1 0.69765625 0.9328125 0.1015625 0.078125
1 0.9796875 0.9421875 0.040625 0.10625
1 0.8265625 0.9640625 0.12734375 0.05546875
1 0.8515625 0.17734375 0.296875 0.1171875
1 0.26328125 0.78359375 0.12265625 0.0765625
1 0.296875 0.93203125 0.16953125 0.13515625
2 0.5 0.09609375 1 0.1921875
2 0.5 0.4265625 1 0.46171875
2 0.553125 0.7828125 0.84296875 0.43359375