0 0.45 0.6390625 0.2546875 0.52890625
1 0.59765625 0.6390625 0.0671875 0.19453125
1 0.71953125 0.565625 0.1359375 0.16796875
1 0.7828125 0.71953125 0.11796875 0.20859375
1 0.71015625 0.3359375 0.1984375 0.20859375
1 0.9046875 0.27734375 0.190625 0.18359375
1 0.903125 0.40234375 0.07265625 0.13125
1 0.9671875 0.46171875 0.06484375 0.26875
1 0.87421875 0.55078125 0.10859375 0.16015625
1 0.925 0.65703125 0.15 0.19453125
0 0.6234375 0.0734375 0.05625 0.146875
0 0.1703125 0.11953125 0.0875 0.17734375
0 0.421875 0.17734375 0.07734375 0.11328125
0 0.3546875 0.30703125 0.0421875 0.12734375
0 0.2359375 0.41015625 0.04921875 0.05625
0 0.23515625 0.2125 0.05625 0.12265625
2 0.5421875 0.2234375 0.07890625 0.446875
2 0.30546875 0.23671875 0.13671875 0.47265625