0 0.6234375 0.69453125 0.2734375 0.1296875
1 0.971875 0.6609375 0.05546875 0.1046875
1 0.084375 0.51015625 0.16875 0.26953125
1 0.184375 0.890625 0.36875 0.140625
1 0.278125 0.22578125 0.14375 0.09765625
1 0.325 0.10234375 0.159375 0.1046875
1 0.0546875 0.065625 0.109375 0.13046875
1 0.1859375 0.05859375 0.12890625 0.0765625
1 0.73984375 0.05 0.12890625 0.07578125
1 0.775 0.2390625 0.15390625 0.06875
2 0.45078125 0.225 0.7796875 0.45
2 0.5 0.61484375 1 0.40390625
2 0.51796875 0.93515625 0.9640625 0.1296875