2 0.29609375 0.76484375 0.47578125 0.4703125
2 0.7140625 0.07578125 0.14765625 0.1515625
2 0.1859375 0.17109375 0.371875 0.3421875
2 0.515625 0.27890625 0.309375 0.5578125
1 0.6859375 0.47109375 0.06875 0.17890625
1 0.56953125 0.4890625 0.12265625 0.221875
1 0.50625 0.3671875 0.084375 0.13671875
1 0.45859375 0.05859375 0.09375 0.1171875
1 0.62265625 0.2 0.0515625 0.0796875
1 0.64296875 0.3296875 0.05859375 0.09765625
1 0.36953125 0.8984375 0.2015625 0.203125
1 0.390625 0.64140625 0.109375 0.14375
1 0.26640625 0.54296875 0.10234375 0.22890625