0 0.6171875 0.64140625 0.31796875 0.14609375
1 0.95390625 0.61015625 0.09140625 0.19765625
1 0.0890625 0.45859375 0.178125 0.2171875
1 0.26015625 0.1546875 0.2109375 0.121875
1 0.33671875 0.03125 0.11015625 0.0625
1 0.0265625 0.03359375 0.053125 0.0671875
1 0.1984375 0.00859375 0.1375 0.01640625
1 0.165625 0.83671875 0.33125 0.12734375
1 0.80625 0.18125 0.13203125 0.0828125
1 0.77109375 0.046875 0.18359375 0.09375
2 0.5 0.91015625 1 0.1796875
2 0.5 0.5671875 1 0.49921875
2 0.49375 0.20859375 0.91171875 0.41640625