1 0.771875 0.83203125 0.0890625 0.084375
1 0.74609375 0.68671875 0.0453125 0.0984375
1 0.67421875 0.72578125 0.05390625 0.08046875
1 0.61796875 0.64765625 0.0359375 0.0765625
1 0.53984375 0.66328125 0.08125 0.1046875
2 0.078125 0.415625 0.15625 0.65703125
2 0.33984375 0.5046875 0.25546875 0.4625
2 0.46953125 0.790625 0.253125 0.31875
2 0.64296875 0.49140625 0.34765625 0.57734375
2 0.8234375 0.24609375 0.35234375 0.4921875
2 0.25859375 0.12265625 0.5171875 0.2453125
2 0.15390625 0.80625 0.25390625 0.3875