0 0.19296875 0.271875 0.25 0.134375
0 0.42734375 0.2515625 0.06484375 0.090625
0 0.50859375 0.34765625 0.0703125 0.08046875
0 0.7234375 0.28125 0.1125 0.09765625
0 0.928125 0.21953125 0.01953125 0.040625
0 0.61953125 0.7421875 0.09765625 0.153125
0 0.46953125 0.61875 0.0375 0.04609375
0 0.60078125 0.596875 0.04453125 0.0515625
2 0.09921875 0.115625 0.1984375 0.23125
2 0.2453125 0.4484375 0.309375 0.2015625
2 0.5890625 0.3671875 0.43125 0.6703125
2 0.83984375 0.32734375 0.146875 0.19609375
2 0.9234375 0.25625 0.153125 0.171875
2 0.884375 0.72421875 0.23125 0.128125