0 0.625 0.32421875 0.2421875 0.11484375
2 0.5 0.4015625 1 0.3578125
2 0.440625 0.78515625 0.8078125 0.4296875
2 0.50078125 0.07734375 0.9984375 0.15390625
1 0.29609375 0.75859375 0.1515625 0.11484375
1 0.36796875 0.88671875 0.1515625 0.11484375
1 0.05078125 0.88359375 0.1015625 0.1296875
1 0.140625 0.9296875 0.28125 0.140625
1 0.73359375 0.9125 0.109375 0.0875
1 0.80078125 0.75078125 0.1234375 0.12265625
1 0.11640625 0.5 0.2328125 0.24375
1 0.1953125 0.12578125 0.38984375 0.1453125
1 0.60625 0.44375 0.13046875 0.0984375
1 0.94765625 0.3453125 0.10390625 0.1109375