2 0.24296875 0.70234375 0.4859375 0.5953125
2 0.546875 0.87265625 0.340625 0.25390625
2 0.853125 0.9171875 0.28515625 0.16484375
2 0.64765625 0.284375 0.2609375 0.28671875
2 0.61015625 0.58828125 0.28515625 0.365625
2 0.78984375 0.70625 0.18046875 0.35859375
1 0.5875 0.79296875 0.05078125 0.0671875
1 0.6375 0.7421875 0.05234375 0.0984375
1 0.60859375 0.5828125 0.06640625 0.1140625
1 0.57265625 0.6765625 0.053125 0.09765625
1 0.6375 0.31640625 0.07265625 0.14140625
1 0.7390625 0.45234375 0.0421875 0.08125
1 0.7546875 0.3328125 0.04453125 0.08203125
1 0.80078125 0.19140625 0.04921875 0.121875
1 0.73359375 0.1609375 0.05859375 0.11796875
1 0.678125 0.1703125 0.05078125 0.08828125
1 0.646875 0.109375 0.05390625 0.08828125
1 0.51640625 0.06171875 0.0890625 0.1234375
1 0.39453125 0.1171875 0.08984375 0.1546875