0 0.58203125 0.38515625 0.25390625 0.14296875
1 0.06328125 0.5921875 0.1265625 0.25
1 0.975 0.4015625 0.05 0.109375
1 0.15234375 0.1859375 0.3046875 0.18203125
1 0.7609375 0.8265625 0.1453125 0.07578125
1 0.68203125 0.9875 0.10703125 0.025
1 0.2765625 0.97421875 0.10859375 0.0515625
1 0.21640625 0.87734375 0.09375 0.1515625
1 0.1640625 0.97890625 0.1 0.0421875
1 0.03984375 0.96171875 0.0796875 0.0765625
1 0.55234375 0.04375 0.11640625 0.0609375
2 0.5 0.07734375 1 0.1546875
2 0.5 0.57265625 1 0.6703125
2 0.4390625 0.81328125 0.87734375 0.3734375