0 0.65703125 0.171875 0.071875 0.1
0 0.578125 0.2734375 0.0375 0.04609375
0 0.9953125 0.5265625 0.009375 0.08828125
0 0.1171875 0.55703125 0.20234375 0.34609375
2 0.08203125 0.83359375 0.1609375 0.3328125
2 0.27890625 0.915625 0.06484375 0.134375
0 0.296875 0.40625 0.13828125 0.06875
2 0.40703125 0.1140625 0.35234375 0.228125
2 0.778125 0.48515625 0.44296875 0.6828125
0 0.64375 0.39140625 0.03515625 0.07109375
0 0.8203125 0.3796875 0.0546875 0.08515625
0 0.9953125 0.34375 0.009375 0.08671875
0 0.93359375 0.61015625 0.13203125 0.028125