2 0.80703125 0.215625 0.2484375 0.43125
2 0.93203125 0.6875 0.1359375 0.625
2 0.85546875 0.8828125 0.246875 0.23359375
2 0.1921875 0.78671875 0.384375 0.4265625
2 0.3765625 0.49375 0.353125 0.60625
2 0.61953125 0.478125 0.31796875 0.62578125
1 0.2625 0.24296875 0.090625 0.0765625
1 0.284375 0.38984375 0.05390625 0.08671875
1 0.35234375 0.353125 0.03984375 0.06015625
1 0.4015625 0.4296875 0.0421875 0.059375
1 0.4734375 0.4125 0.07109375 0.0859375
1 0.5078125 0.246875 0.09765625 0.13125
2 0.5734375 0.89609375 0.090625 0.2078125
2 0.71796875 0.909375 0.08203125 0.18125
2 0.5296875 0.0453125 0.11328125 0.090625