0 0.33046875 0.165625 0.065625 0.09140625
0 0.4015625 0.25859375 0.03359375 0.0421875
0 0.01328125 0.4890625 0.0265625 0.08046875
0 0.821875 0.5171875 0.184375 0.315625
0 0.85703125 0.9546875 0.0546875 0.090625
0 0.94765625 0.8421875 0.0265625 0.10078125
2 0.890625 0.80859375 0.21875 0.3828125
2 0.675 0.84375 0.059375 0.121875
0 0.65859375 0.37890625 0.12578125 0.0625
2 0.55859375 0.10859375 0.32109375 0.2171875
2 0.2109375 0.4515625 0.421875 0.621875
0 0.3421875 0.365625 0.03203125 0.0640625
0 0.18125 0.35546875 0.05 0.078125
0 0.01328125 0.32265625 0.0265625 0.07890625
0 0.07265625 0.565625 0.13125 0.02578125