1 0.6234375 0.246875 0.12109375 0.140625
1 0.4234375 0.26171875 0.06015625 0.05546875
1 0.4515625 0.40625 0.040625 0.103125
1 0.4875 0.3578125 0.04140625 0.04375
1 0.5328125 0.425 0.03125 0.04375
1 0.6140625 0.41640625 0.07890625 0.0828125
2 0.265625 0.73984375 0.53125 0.5203125
2 0.53203125 0.53046875 0.3578125 0.49921875
2 0.76484375 0.51640625 0.2921875 0.6296875
2 0.90546875 0.278125 0.18828125 0.55625
2 0.696875 0.89921875 0.090625 0.20078125
2 0.853125 0.91328125 0.075 0.1734375
2 0.95234375 0.85078125 0.0953125 0.2984375