2 0.3 0.72578125 0.4796875 0.5484375
2 0.6125 0.50625 0.35703125 0.54765625
2 0.8328125 0.46640625 0.2828125 0.609375
2 0.94765625 0.1390625 0.10390625 0.278125
1 0.6984375 0.18828125 0.11953125 0.1171875
2 0.784375 0.88984375 0.065625 0.2203125
2 0.95390625 0.91328125 0.0921875 0.1734375
2 0.70859375 0.028125 0.09296875 0.05625
1 0.52578125 0.22265625 0.06875 0.0515625
1 0.54375 0.365625 0.034375 0.06875
1 0.5796875 0.3125 0.03671875 0.04609375
1 0.61796875 0.390625 0.02734375 0.0578125
1 0.68984375 0.3671875 0.03359375 0.03359375
1 0.73046875 0.396875 0.0453125 0.0671875
1 0.6953125 0.20390625 0.1109375 0.1234375