0 0.615625 0.2375 0.14296875 0.47421875
1 0.70234375 0.89375 0.11328125 0.2125
1 0.828125 0.83046875 0.16328125 0.20703125
1 0.9546875 0.809375 0.090625 0.271875
1 0.8203125 0.61796875 0.1421875 0.1421875
1 0.86796875 0.4453125 0.11328125 0.1421875
1 0.9640625 0.48671875 0.071875 0.2078125
1 0.9671875 0.6015625 0.06484375 0.140625
1 0.91015625 0.934375 0.10546875 0.13125
0 0.18984375 0.41171875 0.153125 0.278125
0 0.2921875 0.65625 0.19375 0.4078125
0 0.77734375 0.35859375 0.109375 0.18359375
0 0.475 0.9671875 0.059375 0.06484375
0 0.6203125 0.65859375 0.1765625 0.30859375
2 0.29375 0.16015625 0.36015625 0.31953125
2 0.49296875 0.5921875 0.2140625 0.815625