2 0.2953125 0.76015625 0.4890625 0.4796875
2 0.72421875 0.06640625 0.1515625 0.13203125
2 0.18671875 0.1640625 0.3734375 0.328125
2 0.52109375 0.27421875 0.31796875 0.5484375
1 0.69609375 0.46015625 0.0703125 0.18359375
1 0.57578125 0.478125 0.12578125 0.22734375
1 0.5109375 0.353125 0.08671875 0.140625
1 0.4625 0.04765625 0.096875 0.0953125
1 0.63046875 0.18125 0.053125 0.08125
1 0.6515625 0.3140625 0.06015625 0.1
1 0.3703125 0.896875 0.2078125 0.20625
1 0.39296875 0.63515625 0.1125 0.146875
1 0.26484375 0.53359375 0.1046875 0.23515625