0 0.37734375 0.32265625 0.240625 0.11484375
2 0.5 0.4 1 0.35546875
2 0.56171875 0.78359375 0.803125 0.43203125
2 0.4984375 0.0765625 0.996875 0.153125
1 0.7046875 0.75546875 0.15078125 0.11484375
1 0.6328125 0.8828125 0.15078125 0.11484375
1 0.94921875 0.8796875 0.1015625 0.12890625
1 0.859375 0.92734375 0.28125 0.1453125
1 0.26953125 0.9078125 0.10859375 0.0875
1 0.20234375 0.74765625 0.12265625 0.12265625
1 0.884375 0.4984375 0.23125 0.2421875
1 0.80546875 0.12578125 0.3890625 0.14453125
1 0.39609375 0.4421875 0.1296875 0.09765625
1 0.0546875 0.34453125 0.10859375 0.1109375