0 0.37421875 0.3921875 0.24296875 0.1328125
1 0.92890625 0.91328125 0.1421875 0.1734375
1 0.61484375 0.94609375 0.15078125 0.0921875
1 0.20625 0.7890625 0.1109375 0.07265625
1 0.2609375 0.96640625 0.096875 0.0671875
1 0.87734375 0.575 0.2453125 0.2875
1 0.8125 0.196875 0.375 0.15859375
1 0.0453125 0.41640625 0.090625 0.11484375
1 0.365625 0.440625 0.19921875 0.25390625
1 0.68671875 0.05546875 0.1828125 0.0875
2 0.5 0.46484375 1 0.44765625
2 0.57734375 0.80390625 0.84453125 0.3921875
2 0.5 0.0921875 1 0.184375