1 0.71796875 0.16328125 0.090625 0.15078125
2 0.953125 0.12421875 0.09375 0.196875
1 0.55625 0.18671875 0.07578125 0.053125
1 0.60703125 0.28359375 0.03125 0.05234375
1 0.75625 0.346875 0.084375 0.10390625
1 0.65625 0.3609375 0.046875 0.06796875
1 0.5828125 0.32265625 0.04453125 0.09296875
2 0.34296875 0.70625 0.45625 0.5875
2 0.6578125 0.534375 0.31484375 0.39453125
2 0.84921875 0.4125 0.3015625 0.603125
2 0.96640625 0.88515625 0.0640625 0.2296875
2 0.82421875 0.86796875 0.1734375 0.26328125
2 0.0296875 0.91640625 0.059375 0.1671875