0 0.45625 0.3203125 0.271875 0.5640625
1 0.61328125 0.3203125 0.07109375 0.2078125
1 0.74296875 0.3984375 0.1453125 0.1796875
1 0.8109375 0.23359375 0.12578125 0.22265625
1 0.73359375 0.64375 0.21171875 0.22265625
1 0.91953125 0.70625 0.1609375 0.1953125
1 0.9390625 0.57265625 0.078125 0.13984375
1 0.98671875 0.51015625 0.0265625 0.28671875
1 0.90859375 0.4140625 0.115625 0.17109375
1 0.940625 0.30078125 0.11875 0.2078125
0 0.64140625 0.92265625 0.06015625 0.15390625
0 0.1578125 0.875 0.09375 0.1890625
0 0.42578125 0.8125 0.08203125 0.12109375
0 0.3546875 0.67421875 0.04453125 0.1359375
0 0.22734375 0.5640625 0.05234375 0.059375
0 0.22734375 0.77578125 0.059375 0.13125
2 0.5546875 0.7625 0.084375 0.47421875
2 0.30078125 0.74921875 0.1453125 0.5015625