1 0.08046875 0.18203125 0.05390625 0.075
1 0.084375 0.24296875 0.0421875 0.090625
1 0.1078125 0.2703125 0.0421875 0.0890625
1 0.1453125 0.20546875 0.0546875 0.084375
1 0.0953125 0.34296875 0.065625 0.07734375
1 0.06875 0.378125 0.040625 0.06953125
1 0.04765625 0.40390625 0.04140625 0.07890625
1 0.03203125 0.4890625 0.0640625 0.09296875
1 0.01484375 0.62421875 0.0296875 0.0703125
1 0.0359375 0.584375 0.028125 0.03671875
1 0.05625 0.62109375 0.05859375 0.07734375
1 0.02109375 0.68515625 0.04140625 0.08125
1 0.053125 0.7328125 0.0484375 0.065625
1 0.0203125 0.8125 0.03984375 0.0953125
1 0.1125 0.85078125 0.04375 0.065625
1 0.1234375 0.4984375 0.05546875 0.10625
1 0.15625 0.453125 0.053125 0.09453125
1 0.1703125 0.3796875 0.05 0.09140625
1 0.171875 0.55859375 0.06015625 0.10078125
1 0.2328125 0.57578125 0.065625 0.09921875
1 0.22109375 0.46640625 0.05234375 0.0890625
1 0.2328125 0.41796875 0.0578125 0.075
1 0.2625 0.24375 0.05390625 0.10078125
1 0.26875 0.159375 0.04375 0.10859375
1 0.3046875 0.190625 0.0453125 0.08359375
1 0.315625 0.09921875 0.0484375 0.08125
1 0.33828125 0.1296875 0.0421875 0.08671875
1 0.3359375 0.04296875 0.03515625 0.0859375
1 0.36875 0.08828125 0.040625 0.10078125
1 0.35 0.203125 0.04140625 0.05234375
1 0.33125 0.26171875 0.0484375 0.07734375
1 0.31875 0.3453125 0.065625 0.09140625
1 0.33046875 0.44140625 0.05703125 0.084375
1 0.2890625 0.50234375 0.05625 0.08125
1 0.34453125 0.59609375 0.0515625 0.08359375
1 0.31484375 0.7921875 0.06875 0.08671875
1 0.23359375 0.86640625 0.0609375 0.115625
1 0.3 0.859375 0.06171875 0.11484375
1 0.3328125 0.959375 0.0578125 0.08046875
1 0.3828125 0.8703125 0.0609375 0.13671875
1 0.40625 0.17109375 0.0609375 0.09921875
1 0.39453125 0.24375 0.046875 0.08359375
1 0.44140625 0.09140625 0.05234375 0.10625
1 0.4765625 0.103125 0.03125 0.09375
1 0.5140625 0.18125 0.0453125 0.10546875
1 0.459375 0.1875 0.04609375 0.09140625
1 0.46328125 0.32265625 0.04921875 0.096875
1 0.5140625 0.29765625 0.0703125 0.1078125
1 0.57734375 0.35546875 0.0609375 0.09375
1 0.46875 0.46015625 0.05078125 0.075
1 0.5125 0.43359375 0.05625 0.09609375
1 0.51875 0.50625 0.0453125 0.0796875
1 0.57109375 0.478125 0.0515625 0.103125
1 0.5125 0.590625 0.03828125 0.0546875
1 0.57265625 0.61328125 0.07265625 0.090625
1 0.6171875 0.5390625 0.05859375 0.09453125
1 0.66953125 0.54375 0.0375 0.0765625
1 0.63515625 0.59375 0.02421875 0.06015625
1 0.63359375 0.7359375 0.0640625 0.0625
1 0.5015625 0.70703125 0.0296875 0.04609375
1 0.64296875 0.98046875 0.02890625 0.0390625
1 0.67578125 0.98515625 0.03671875 0.0296875
1 0.6890625 0.95 0.059375 0.1
1 0.71953125 0.828125 0.059375 0.121875
1 0.71328125 0.734375 0.0515625 0.06953125
1 0.759375 0.70390625 0.03125 0.0796875
1 0.78984375 0.7375 0.0328125 0.065625
1 0.803125 0.67890625 0.0359375 0.07890625
1 0.97421875 0.5046875 0.05078125 0.078125
1 0.99453125 0.4734375 0.0109375 0.03671875
1 0.9703125 0.8421875 0.053125 0.053125
1 0.9921875 0.84765625 0.015625 0.0890625
1 0.97734375 0.92890625 0.04453125 0.09375
1 0.81796875 0.78671875 0.05 0.071875
1 0.77265625 0.80859375 0.053125 0.09296875
1 0.8265625 0.88203125 0.0453125 0.07265625
1 0.86171875 0.8375 0.05625 0.10390625
1 0.8671875 0.94453125 0.0609375 0.09609375
1 0.8203125 0.975 0.05859375 0.05
1 0.86171875 0.9828125 0.0234375 0.034375
1 0.77109375 0.91796875 0.05078125 0.084375
1 0.75078125 0.96875 0.04453125 0.06171875
1 0.715625 0.53828125 0.04140625 0.075
1 0.71875 0.471875 0.02890625 0.0578125
1 0.74921875 0.48984375 0.0328125 0.0796875
1 0.7640625 0.3375 0.03984375 0.10390625
1 0.74375 0.31796875 0.0375 0.06953125
1 0.771875 0.25 0.0203125 0.0578125
1 0.79375 0.27734375 0.02734375 0.0625
1 0.80546875 0.34453125 0.03828125 0.071875
1 0.8296875 0.31484375 0.0265625 0.0625
1 0.8515625 0.2921875 0.0265625 0.07734375
1 0.8203125 0.24609375 0.034375 0.05
1 0.84296875 0.246875 0.0203125 0.03359375
1 0.984375 0.23671875 0.03125 0.0609375
1 0.996875 0.30078125 0.00546875 0.071875
1 0.98203125 0.30625 0.03515625 0.06953125
1 0.96015625 0.41953125 0.0515625 0.06328125
1 0.984375 0.37109375 0.03125 0.0390625
1 0.91640625 0.43984375 0.04140625 0.05
1 0.8984375 0.4765625 0.040625 0.0578125
1 0.86796875 0.5109375 0.03046875 0.04765625
1 0.8203125 0.5421875 0.040625 0.0546875
1 0.815625 0.60703125 0.040625 0.06953125
1 0.88125 0.61484375 0.05 0.05234375
1 0.8953125 0.68984375 0.071875 0.0625
1 0.75703125 0.159375 0.03515625 0.071875
1 0.73359375 0.11171875 0.03046875 0.05546875
1 0.703125 0.096875 0.03203125 0.0671875
1 0.68671875 0.07421875 0.0125 0.053125
1 0.65625 0.140625 0.04140625 0.071875
1 0.60625 0.19375 0.04453125 0.0796875
1 0.6390625 0.28046875 0.02421875 0.03125
1 0.640625 0.32890625 0.02578125 0.06328125
1 0.68125 0.3671875 0.0609375 0.06171875
1 0.7015625 0.31171875 0.05 0.0796875
1 0.721875 0.2125 0.0328125 0.075
1 0.5078125 0.02734375 0.02890625 0.0546875
1 0.553125 0.00390625 0.025 0.0078125
1 0.57578125 0.0265625 0.03515625 0.053125
1 0.609375 0.0078125 0.02890625 0.015625
1 0.609375 0.06171875 0.03359375 0.05234375
1 0.615625 0.12109375 0.04140625 0.07890625
1 0.57578125 0.11484375 0.0453125 0.0796875
1 0.6421875 0.06484375 0.0375 0.071875
1 0.6640625 0.08515625 0.0265625 0.034375
1 0.778125 0.02890625 0.028125 0.0578125
1 0.8046875 0.003125 0.02890625 0.00625
1 0.8296875 0.03125 0.0265625 0.06171875
1 0.8265625 0.07421875 0.02109375 0.040625
1 0.79375 0.13671875 0.02734375 0.053125
1 0.78359375 0.18984375 0.0421875 0.06796875
1 0.7578125 0.071875 0.0265625 0.0453125