1 0.08359375 0.1875 0.05078125 0.0703125
1 0.08828125 0.24375 0.03984375 0.084375
1 0.11015625 0.26953125 0.03984375 0.08359375
1 0.1453125 0.20859375 0.0515625 0.07890625
1 0.09765625 0.33828125 0.06171875 0.07265625
1 0.07265625 0.37109375 0.03828125 0.06484375
1 0.05390625 0.3953125 0.0390625 0.0734375
1 0.03828125 0.475 0.06171875 0.08671875
1 0.01875 0.6015625 0.03515625 0.06640625
1 0.0421875 0.5640625 0.0265625 0.034375
1 0.06171875 0.5984375 0.0546875 0.07265625
1 0.02421875 0.659375 0.0484375 0.07734375
1 0.05859375 0.70390625 0.04609375 0.06171875
1 0.0234375 0.77890625 0.04609375 0.08984375
1 0.1140625 0.8140625 0.040625 0.06171875
1 0.125 0.48359375 0.0515625 0.1
1 0.15546875 0.44140625 0.04921875 0.0890625
1 0.16875 0.37265625 0.046875 0.0859375
1 0.16953125 0.53984375 0.05625 0.09453125
1 0.22734375 0.55625 0.06171875 0.09296875
1 0.21640625 0.45390625 0.0484375 0.08359375
1 0.22734375 0.40859375 0.0546875 0.0703125
1 0.2546875 0.24453125 0.05078125 0.09453125
1 0.2609375 0.165625 0.040625 0.10234375
1 0.29453125 0.1953125 0.0421875 0.078125
1 0.3046875 0.109375 0.0453125 0.07578125
1 0.3265625 0.13828125 0.03984375 0.08125
1 0.32421875 0.05625 0.0328125 0.0828125
1 0.3546875 0.09921875 0.0375 0.09453125
1 0.33671875 0.20703125 0.0390625 0.0484375
1 0.31953125 0.26171875 0.04609375 0.07265625
1 0.3078125 0.33984375 0.06171875 0.0859375
1 0.31875 0.43046875 0.05390625 0.07890625
1 0.2796875 0.4875 0.05234375 0.07578125
1 0.33203125 0.575 0.0484375 0.078125
1 0.30390625 0.759375 0.0640625 0.08125
1 0.22734375 0.82890625 0.05703125 0.10859375
1 0.28984375 0.821875 0.0578125 0.1078125
1 0.32109375 0.91796875 0.0546875 0.078125
1 0.36796875 0.83203125 0.05703125 0.128125
1 0.38984375 0.1765625 0.05703125 0.09296875
1 0.378125 0.2453125 0.04375 0.078125
1 0.42265625 0.10234375 0.0484375 0.1
1 0.45546875 0.11328125 0.0296875 0.0875
1 0.49140625 0.1859375 0.0421875 0.0984375
1 0.4390625 0.19296875 0.04296875 0.0859375
1 0.44296875 0.31875 0.04609375 0.09140625
1 0.490625 0.2953125 0.065625 0.10078125
1 0.55 0.35 0.05703125 0.0875
1 0.4484375 0.44765625 0.04765625 0.0703125
1 0.4890625 0.42265625 0.05234375 0.08984375
1 0.4953125 0.490625 0.04296875 0.075
1 0.54375 0.46484375 0.0484375 0.096875
1 0.4890625 0.5703125 0.0359375 0.05078125
1 0.5453125 0.59140625 0.06875 0.084375
1 0.5875 0.521875 0.0546875 0.0890625
1 0.63671875 0.5265625 0.03515625 0.071875
1 0.6046875 0.57265625 0.02265625 0.05625
1 0.60234375 0.70625 0.06015625 0.05859375
1 0.47890625 0.67890625 0.028125 0.04375
1 0.5859375 0.97265625 0.028125 0.0546875
1 0.61171875 0.94609375 0.02734375 0.05625
1 0.61953125 0.98125 0.0234375 0.0375
1 0.6421875 0.95390625 0.034375 0.05390625
1 0.64609375 0.9828125 0.03203125 0.034375
1 0.65546875 0.9109375 0.05625 0.0984375
1 0.68359375 0.79296875 0.05546875 0.1140625
1 0.67734375 0.70546875 0.0484375 0.06484375
1 0.72109375 0.6765625 0.0296875 0.075
1 0.74921875 0.7078125 0.03125 0.06171875
1 0.76171875 0.653125 0.03359375 0.0734375
1 0.92734375 0.48984375 0.0578125 0.07265625
1 0.946875 0.46015625 0.021875 0.034375
1 0.959375 0.4 0.0359375 0.06171875
1 0.9875 0.396875 0.025 0.08671875
1 0.98828125 0.4640625 0.0234375 0.0734375
1 0.98125 0.63984375 0.03671875 0.06484375
1 0.91796875 0.80625 0.04921875 0.05
1 0.94765625 0.8125 0.03046875 0.08359375
1 0.9734375 0.8421875 0.03515625 0.0703125
1 0.93203125 0.88828125 0.0546875 0.08828125
1 0.77578125 0.75390625 0.046875 0.0671875
1 0.7328125 0.775 0.05 0.08671875
1 0.784375 0.84375 0.0421875 0.06875
1 0.81640625 0.8015625 0.053125 0.09765625
1 0.821875 0.90234375 0.05703125 0.08984375
1 0.778125 0.94375 0.0546875 0.0734375
1 0.81640625 0.9484375 0.021875 0.05234375
1 0.8328125 0.9828125 0.0421875 0.034375
1 0.790625 0.9859375 0.05703125 0.028125
1 0.73203125 0.87734375 0.04765625 0.07890625
1 0.71328125 0.93359375 0.0421875 0.075
1 0.6796875 0.52109375 0.0390625 0.0703125
1 0.68203125 0.459375 0.0265625 0.05390625
1 0.7109375 0.47578125 0.03046875 0.075
1 0.72578125 0.3328125 0.0375 0.09765625
1 0.70625 0.31484375 0.03515625 0.06484375
1 0.73203125 0.25078125 0.01875 0.05390625
1 0.75234375 0.2765625 0.02578125 0.05859375
1 0.7640625 0.33984375 0.0359375 0.0671875
1 0.78671875 0.31171875 0.025 0.05859375
1 0.80703125 0.290625 0.025 0.07265625
1 0.778125 0.246875 0.03203125 0.046875
1 0.79921875 0.24765625 0.01875 0.03125
1 0.9328125 0.2390625 0.0296875 0.0578125
1 0.9640625 0.221875 0.02109375 0.053125
1 0.98125 0.240625 0.0234375 0.02578125
1 0.97734375 0.26796875 0.0234375 0.03671875
1 0.95390625 0.29921875 0.025 0.06875
1 0.93046875 0.30390625 0.03515625 0.06484375
1 0.9921875 0.28828125 0.01484375 0.03359375
1 0.9765625 0.32265625 0.02421875 0.07734375
1 0.909375 0.409375 0.0484375 0.059375
1 0.93203125 0.365625 0.02890625 0.03671875
1 0.86796875 0.42890625 0.0390625 0.046875
1 0.8515625 0.46328125 0.0375 0.05390625
1 0.82265625 0.4953125 0.02890625 0.04453125
1 0.778125 0.525 0.0375 0.05078125
1 0.7734375 0.5859375 0.03828125 0.06484375
1 0.83515625 0.59296875 0.046875 0.0484375
1 0.8484375 0.66328125 0.06796875 0.05859375
1 0.71875 0.165625 0.0328125 0.0671875
1 0.696875 0.121875 0.02890625 0.05234375
1 0.66796875 0.1078125 0.0296875 0.06328125
1 0.653125 0.0859375 0.01171875 0.05
1 0.6234375 0.1484375 0.0390625 0.0671875
1 0.57734375 0.19765625 0.04140625 0.075
1 0.60859375 0.2796875 0.02265625 0.0296875
1 0.609375 0.325 0.02421875 0.059375
1 0.64765625 0.3609375 0.05703125 0.0578125
1 0.6671875 0.30859375 0.046875 0.075
1 0.6859375 0.215625 0.03125 0.0703125
1 0.484375 0.0375 0.0265625 0.06171875
1 0.52890625 0.0125 0.02421875 0.025
1 0.5484375 0.0375 0.0328125 0.0578125
1 0.58046875 0.015625 0.02734375 0.03125
1 0.5796875 0.07421875 0.03203125 0.0484375
1 0.5859375 0.13046875 0.0390625 0.0734375
1 0.5484375 0.12421875 0.0421875 0.075
1 0.6109375 0.07734375 0.03515625 0.0671875
1 0.63125 0.096875 0.025 0.0328125
1 0.7390625 0.0421875 0.0265625 0.05859375
1 0.76328125 0.01171875 0.0265625 0.02265625
1 0.78671875 0.04375 0.025 0.06171875
1 0.78359375 0.0859375 0.01953125 0.03828125
1 0.75234375 0.14453125 0.02578125 0.05
1 0.74375 0.19453125 0.03984375 0.0640625
1 0.71953125 0.084375 0.025 0.0421875