1 0.66015625 0.23203125 0.15859375 0.3140625
1 0.509375 0.1625 0.14140625 0.2171875
1 0.5015625 0.50859375 0.2234375 0.4953125
1 0.51171875 0.74296875 0.19296875 0.19453125
1 0.8046875 0.525 0.1625 0.303125
1 0.69765625 0.64375 0.11953125 0.23984375
1 0.82265625 0.8515625 0.10625 0.2015625
1 0.65859375 0.87890625 0.14921875 0.2421875
1 0.7578125 0.9203125 0.1109375 0.159375
1 0.94375 0.190625 0.09296875 0.17734375
1 0.85703125 0.28671875 0.1109375 0.15
1 0.9734375 0.06484375 0.053125 0.1296875
1 0.6671875 0.02734375 0.23359375 0.0546875
1 0.2671875 0.13046875 0.17734375 0.23828125
1 0.28984375 0.3953125 0.22890625 0.4390625
1 0.31875 0.64609375 0.240625 0.33984375
1 0.14765625 0.66640625 0.0734375 0.21796875
1 0.03828125 0.8453125 0.0765625 0.30625
1 0.33828125 0.9078125 0.1328125 0.184375
1 0.1125 0.0375 0.225 0.075
1 0.01328125 0.16875 0.0265625 0.24921875
1 0.05078125 0.45 0.1015625 0.27265625
1 0.103125 0.71640625 0.1828125 0.27578125
1 0.4703125 0.0296875 0.165625 0.059375