1 0.1734375 0.81875 0.04765625 0.1015625
1 0.471875 0.53046875 0.059375 0.1234375
1 0.78203125 0.1671875 0.06015625 0.1125
1 0.48125 0.85625 0.053125 0.11484375
1 0.44921875 0.9171875 0.03828125 0.06953125
1 0.43671875 0.96953125 0.0546875 0.0609375
1 0.54609375 0.78828125 0.04609375 0.0875
1 0.59375 0.88203125 0.05234375 0.09453125
1 0.55078125 0.96171875 0.065625 0.0765625
1 0.49609375 0.984375 0.046875 0.03046875
1 0.58984375 0.95859375 0.03984375 0.0828125
1 0.8265625 0.134375 0.034375 0.08828125
1 0.23046875 0.70625 0.07734375 0.115625
1 0.2390625 0.57265625 0.059375 0.1
1 0.2921875 0.64140625 0.0515625 0.13828125
1 0.44453125 0.14140625 0.07578125 0.071875
1 0.45390625 0.22265625 0.0546875 0.1109375
1 0.52421875 0.1484375 0.06015625 0.0734375
1 0.5765625 0.1609375 0.0578125 0.0796875
1 0.621875 0.184375 0.040625 0.075
1 0.59296875 0.28203125 0.07890625 0.13515625
1 0.51328125 0.2265625 0.07890625 0.0765625
1 0.51953125 0.30703125 0.06171875 0.0984375
1 0.40234375 0.3796875 0.04765625 0.0734375
1 0.4484375 0.33671875 0.05078125 0.0828125
1 0.43671875 0.40546875 0.04609375 0.06796875
1 0.4265625 0.46875 0.053125 0.06796875
1 0.478125 0.41953125 0.04453125 0.05546875
1 0.53125 0.43671875 0.0671875 0.0734375
1 0.66640625 0.8234375 0.08515625 0.17421875
1 0.70703125 0.73359375 0.0578125 0.121875
1 0.7703125 0.71953125 0.0671875 0.12421875
1 0.73359375 0.82578125 0.053125 0.096875
1 0.79453125 0.8203125 0.08359375 0.1515625
1 0.7578125 0.92421875 0.07890625 0.1234375
1 0.69921875 0.56015625 0.1015625 0.16796875
1 0.80546875 0.52734375 0.06796875 0.12890625
1 0.6375 0.39453125 0.0515625 0.115625
1 0.6859375 0.39375 0.07890625 0.1578125
1 0.7453125 0.44140625 0.06015625 0.15703125
1 0.75390625 0.34140625 0.04609375 0.1265625
1 0.79453125 0.28203125 0.07578125 0.12578125
1 0.85390625 0.35078125 0.0578125 0.1109375
1 0.85546875 0.45 0.071875 0.14375
1 0.5421875 0.51640625 0.08671875 0.11484375
1 0.5546875 0.60546875 0.06328125 0.11875
1 0.62734375 0.5890625 0.07265625 0.17421875
1 0.51328125 0.659375 0.0578125 0.134375
1 0.4640625 0.65078125 0.053125 0.12578125
1 0.15 0.7265625 0.06796875 0.08203125
1 0.1390625 0.82890625 0.04140625 0.0984375
1 0.15390625 0.909375 0.04453125 0.0765625
1 0.203125 0.8890625 0.040625 0.06953125
1 0.24921875 0.834375 0.0296875 0.07109375
1 0.19453125 0.96796875 0.02578125 0.053125
1 0.21953125 0.96953125 0.028125 0.0609375
1 0.2375 0.934375 0.01953125 0.046875
1 0.221875 0.79375 0.0328125 0.04609375
1 0.2640625 0.7953125 0.021875 0.04375
1 0.28125 0.80546875 0.0171875 0.0421875
1 0.07265625 0.91796875 0.03984375 0.115625
1 0.0921875 0.86328125 0.0296875 0.0578125
1 0.12109375 0.96171875 0.0453125 0.0765625
1 0.67578125 0.1046875 0.04140625 0.06328125
1 0.665625 0.1515625 0.02421875 0.040625
1 0.7015625 0.128125 0.03984375 0.08515625
1 0.62890625 0.1234375 0.04453125 0.04453125
1 0.6359375 0.06484375 0.06015625 0.0546875
1 0.50546875 0.02578125 0.05390625 0.0515625
1 0.25703125 0.2484375 0.05703125 0.08046875
1 0.17890625 0.56953125 0.06484375 0.1125
1 0.1734375 0.64921875 0.0703125 0.084375
1 0.2796875 0.46484375 0.04140625 0.0734375
1 0.0859375 0.66875 0.05 0.1796875
1 0.38125 0.0546875 0.0375 0.05546875
1 0.33828125 0.009375 0.06015625 0.01796875
1 0.321875 0.07890625 0.053125 0.09921875
1 0.31328125 0.2984375 0.04609375 0.084375
1 0.30859375 0.3890625 0.05234375 0.0828125
1 0.3109375 0.54921875 0.04453125 0.08046875
1 0.33984375 0.475 0.040625 0.07109375
1 0.36796875 0.5625 0.03984375 0.0890625
1 0.37421875 0.30703125 0.04453125 0.08515625
1 0.3578125 0.2171875 0.05859375 0.10390625
1 0.046875 0.64453125 0.02734375 0.11328125
1 0.04453125 0.74140625 0.02734375 0.05859375
1 0.21796875 0.125 0.0796875 0.07890625
1 0.19375 0.325 0.0671875 0.08046875
1 0.21171875 0.37734375 0.06171875 0.0859375
1 0.1625 0.46640625 0.0671875 0.0796875
1 0.10703125 0.5390625 0.07890625 0.1125
1 0.159375 0.26640625 0.04375 0.07734375
1 0.26171875 0.0203125 0.0546875 0.040625
1 0.2875 0.07578125 0.04375 0.0625
1 0.2859375 0.1796875 0.0609375 0.1046875
1 0.4328125 0.046875 0.08125 0.09375
1 0.68046875 0.0390625 0.04140625 0.0765625