1 0.08515625 0.171875 0.05234375 0.0734375
1 0.08984375 0.23046875 0.04140625 0.0875
1 0.1125 0.25703125 0.04140625 0.08671875
1 0.1484375 0.19453125 0.053125 0.08203125
1 0.1 0.328125 0.0640625 0.07578125
1 0.0734375 0.3625 0.03984375 0.0671875
1 0.05390625 0.3875 0.040625 0.0765625
1 0.0375 0.47109375 0.0640625 0.08984375
1 0.01796875 0.6015625 0.0359375 0.06875
1 0.0421875 0.56328125 0.02734375 0.0359375
1 0.06171875 0.5984375 0.05703125 0.07578125
1 0.0234375 0.66015625 0.046875 0.0796875
1 0.05859375 0.7078125 0.04765625 0.0640625
1 0.0234375 0.78515625 0.04609375 0.09296875
1 0.11640625 0.82265625 0.0421875 0.0640625
1 0.12734375 0.4796875 0.05390625 0.10390625
1 0.159375 0.4359375 0.0515625 0.0921875
1 0.1734375 0.3640625 0.0484375 0.0890625
1 0.17421875 0.5375 0.05859375 0.09765625
1 0.23359375 0.55546875 0.0640625 0.096875
1 0.221875 0.4484375 0.05078125 0.08671875
1 0.23359375 0.4015625 0.05625 0.0734375
1 0.2625 0.23125 0.05234375 0.09765625
1 0.26875 0.15 0.0421875 0.10546875
1 0.303125 0.18046875 0.04375 0.08125
1 0.3140625 0.09140625 0.046875 0.07890625
1 0.33671875 0.12109375 0.04140625 0.084375
1 0.334375 0.0390625 0.03359375 0.078125
1 0.365625 0.08046875 0.0390625 0.09765625
1 0.34765625 0.1921875 0.040625 0.05078125
1 0.3296875 0.24921875 0.04765625 0.07578125
1 0.3171875 0.33046875 0.0640625 0.0890625
1 0.32890625 0.42421875 0.05546875 0.08203125
1 0.28828125 0.4828125 0.0546875 0.07890625
1 0.3421875 0.57421875 0.05 0.08125
1 0.31328125 0.76484375 0.06640625 0.084375
1 0.234375 0.8375 0.059375 0.1125
1 0.29921875 0.83046875 0.06015625 0.11171875
1 0.33125 0.93046875 0.05625 0.08125
1 0.3796875 0.84140625 0.05859375 0.1328125
1 0.40234375 0.1609375 0.059375 0.096875
1 0.390625 0.23203125 0.0453125 0.08125
1 0.4359375 0.08359375 0.05078125 0.10390625
1 0.4703125 0.0953125 0.03046875 0.09140625
1 0.50703125 0.1703125 0.04375 0.10234375
1 0.45390625 0.17734375 0.0453125 0.0890625
1 0.4578125 0.30859375 0.0484375 0.09453125
1 0.50703125 0.284375 0.06875 0.1046875
1 0.56875 0.340625 0.059375 0.09140625
1 0.46328125 0.4421875 0.04921875 0.0734375
1 0.50546875 0.41640625 0.0546875 0.09375
1 0.51171875 0.48671875 0.04453125 0.07734375
1 0.5625 0.46015625 0.05 0.1
1 0.50546875 0.56953125 0.0375 0.053125
1 0.5640625 0.59140625 0.07109375 0.0875
1 0.6078125 0.51953125 0.05703125 0.0921875
1 0.65859375 0.5234375 0.03671875 0.07421875
1 0.625 0.571875 0.0234375 0.05859375
1 0.6234375 0.7109375 0.0625 0.0609375
1 0.4953125 0.6828125 0.02890625 0.0453125
1 0.60625 0.9796875 0.0296875 0.040625
1 0.6328125 0.959375 0.028125 0.05859375
1 0.640625 0.98828125 0.025 0.0234375
1 0.6640625 0.9671875 0.03515625 0.05625
1 0.6671875 0.9890625 0.034375 0.021875
1 0.678125 0.92265625 0.05859375 0.10234375
1 0.70703125 0.8 0.0578125 0.11796875
1 0.70078125 0.709375 0.05 0.0671875
1 0.74609375 0.6796875 0.03046875 0.07734375
1 0.775 0.7125 0.03203125 0.0640625
1 0.78828125 0.65546875 0.03515625 0.0765625
1 0.96015625 0.4859375 0.06015625 0.07578125
1 0.98046875 0.4546875 0.02265625 0.0359375
1 0.98671875 0.3921875 0.02578125 0.0640625
1 0.95078125 0.8140625 0.0515625 0.0515625
1 0.98125 0.8203125 0.03203125 0.08671875
1 0.99453125 0.8515625 0.0109375 0.07265625
1 0.96484375 0.89921875 0.05625 0.09140625
1 0.80234375 0.76015625 0.0484375 0.06953125
1 0.75859375 0.78125 0.0515625 0.08984375
1 0.81171875 0.853125 0.04375 0.07109375
1 0.8453125 0.809375 0.05546875 0.1015625
1 0.85078125 0.9140625 0.05859375 0.09375
1 0.80546875 0.95703125 0.05703125 0.0765625
1 0.8453125 0.96171875 0.02265625 0.05390625
1 0.8609375 0.9890625 0.04375 0.021875
1 0.81796875 0.99296875 0.059375 0.01328125
1 0.75703125 0.88828125 0.04921875 0.08203125
1 0.73828125 0.946875 0.04375 0.07734375
1 0.703125 0.51875 0.040625 0.0734375
1 0.70625 0.45390625 0.028125 0.05625
1 0.7359375 0.47109375 0.03203125 0.07734375
1 0.75078125 0.3234375 0.03828125 0.1015625
1 0.73046875 0.30390625 0.0359375 0.0671875
1 0.7578125 0.2375 0.01953125 0.05625
1 0.77890625 0.26484375 0.0265625 0.0609375
1 0.790625 0.3296875 0.0375 0.06953125
1 0.8140625 0.30078125 0.02578125 0.0609375
1 0.83515625 0.27890625 0.02578125 0.07578125
1 0.8046875 0.23359375 0.03359375 0.0484375
1 0.82734375 0.23515625 0.01953125 0.0328125
1 0.965625 0.22578125 0.03046875 0.059375
1 0.99296875 0.20703125 0.0140625 0.0546875
1 0.98671875 0.2875 0.02578125 0.0703125
1 0.96328125 0.29296875 0.0359375 0.0671875
1 0.94140625 0.40234375 0.05 0.06171875
1 0.965625 0.35703125 0.0296875 0.03828125
1 0.8984375 0.42265625 0.040625 0.0484375
1 0.88125 0.45859375 0.0390625 0.05625
1 0.8515625 0.49140625 0.0296875 0.04609375
1 0.80546875 0.521875 0.0390625 0.053125
1 0.80078125 0.5859375 0.03984375 0.0671875
1 0.86484375 0.59296875 0.0484375 0.05078125
1 0.878125 0.665625 0.0703125 0.0609375
1 0.74296875 0.15 0.034375 0.06953125
1 0.72109375 0.10390625 0.0296875 0.05390625
1 0.69140625 0.0890625 0.03125 0.065625
1 0.675 0.06640625 0.01171875 0.0515625
1 0.6453125 0.13203125 0.040625 0.06953125
1 0.596875 0.1828125 0.04296875 0.07734375
1 0.62890625 0.2671875 0.0234375 0.03046875
1 0.63046875 0.31484375 0.025 0.06171875
1 0.66953125 0.3515625 0.05859375 0.059375
1 0.68984375 0.29765625 0.0484375 0.07734375
1 0.709375 0.20078125 0.03203125 0.0734375
1 0.50078125 0.02421875 0.028125 0.04765625
1 0.56640625 0.02265625 0.0328125 0.0453125
1 0.6 0.0046875 0.028125 0.009375
1 0.59921875 0.0546875 0.0328125 0.05078125
1 0.60625 0.1125 0.040625 0.0765625
1 0.5671875 0.10625 0.04375 0.07734375
1 0.63203125 0.0578125 0.03671875 0.06953125
1 0.653125 0.07734375 0.02578125 0.03359375
1 0.76484375 0.02578125 0.02734375 0.0515625
1 0.8140625 0.02734375 0.02578125 0.0546875
1 0.8109375 0.0671875 0.0203125 0.0390625
1 0.77890625 0.12734375 0.0265625 0.0515625
1 0.76953125 0.1796875 0.04140625 0.06640625
1 0.74453125 0.06484375 0.02578125 0.04375