1 0.41015625 0.3234375 0.1171875 0.234375
1 0.86875 0.6640625 0.16796875 0.38203125
1 0.8671875 0.33359375 0.20390625 0.25390625
1 0.72109375 0.29296875 0.109375 0.240625
1 0.61640625 0.4359375 0.1046875 0.240625
1 0.55078125 0.5515625 0.121875 0.2015625
1 0.6578125 0.68046875 0.1390625 0.2578125
1 0.63671875 0.8890625 0.12265625 0.221875
1 0.4078125 0.55234375 0.1515625 0.2296875
1 0.2984375 0.65703125 0.12421875 0.22421875
1 0.5140625 0.3703125 0.0984375 0.2328125
1 0.7078125 0.13515625 0.13203125 0.12734375
1 0.57421875 0.12109375 0.0984375 0.2421875
1 0.6046875 0.23203125 0.115625 0.1859375
1 0.25546875 0.4765625 0.1546875 0.21484375
1 0.3 0.3234375 0.09453125 0.1671875
1 0.36953125 0.078125 0.1296875 0.15625
1 0.0515625 0.06484375 0.02421875 0.04375
1 0.03359375 0.103125 0.03125 0.0671875
1 0.33046875 0.1734375 0.1125 0.153125
1 0.23046875 0.19765625 0.07578125 0.134375
1 0.18828125 0.3203125 0.09609375 0.19609375
1 0.1359375 0.24609375 0.08984375 0.16875
1 0.07265625 0.3390625 0.13125 0.2109375
1 0.16640625 0.54296875 0.10234375 0.1890625
1 0.97734375 0.40625 0.04453125 0.30546875
1 0.96015625 0.60625 0.07890625 0.275
1 0.7375 0.54140625 0.15 0.2484375
1 0.07421875 0.5359375 0.07265625 0.14375
1 0.0734375 0.17890625 0.03125 0.046875
1 0.0890625 0.12734375 0.02265625 0.0390625
1 0.1203125 0.1078125 0.028125 0.040625
1 0.115625 0.065625 0.028125 0.040625
1 0.04140625 0.00625 0.03046875 0.0125
1 0.025 0.05625 0.0171875 0.02109375
1 0.01015625 0.08515625 0.0203125 0.05390625
1 0.01171875 0.1421875 0.02265625 0.05546875
1 0.16796875 0.8 0.13046875 0.1890625
1 0.1015625 0.68984375 0.134375 0.16875
1 0.03125 0.66640625 0.0625 0.1703125
1 0.0609375 0.878125 0.121875 0.24375
1 0.21640625 0.64296875 0.0703125 0.16875
1 0.2890625 0.85078125 0.1421875 0.20390625
1 0.19765625 0.96796875 0.1484375 0.06328125
1 0.334375 0.95703125 0.1125 0.0859375
1 0.94765625 0.23984375 0.103125 0.08984375
1 0.3484375 0.43984375 0.05390625 0.0953125