1 0.61875 0.64921875 0.11953125 0.2390625
1 0.15 0.30078125 0.17109375 0.390625
1 0.1515625 0.6390625 0.20859375 0.26015625
1 0.30078125 0.6796875 0.11171875 0.24609375
1 0.4078125 0.534375 0.10703125 0.24609375
1 0.475 0.41640625 0.125 0.20625
1 0.365625 0.284375 0.1421875 0.26328125
1 0.3859375 0.09296875 0.125 0.1859375
1 0.62109375 0.415625 0.15546875 0.234375
1 0.7328125 0.30859375 0.1265625 0.22890625
1 0.5125 0.6015625 0.10078125 0.23828125
1 0.31484375 0.8421875 0.134375 0.13046875
1 0.45078125 0.865625 0.10078125 0.26796875
1 0.41953125 0.7421875 0.11796875 0.18984375
1 0.7765625 0.49296875 0.1578125 0.21953125
1 0.73046875 0.64921875 0.096875 0.1703125
1 0.66015625 0.91015625 0.1328125 0.1796875
1 0.984375 0.91328125 0.025 0.04453125
1 0.99375 0.87421875 0.0125 0.06875
1 0.7 0.80234375 0.11484375 0.15703125
1 0.80234375 0.778125 0.07734375 0.1375
1 0.8453125 0.65234375 0.0984375 0.2
1 0.8984375 0.728125 0.0921875 0.17265625
1 0.94765625 0.634375 0.10390625 0.21484375
1 0.86796875 0.425 0.1046875 0.19375
1 0.03125 0.56484375 0.06171875 0.3125
1 0.0484375 0.36015625 0.096875 0.28125
1 0.284375 0.4265625 0.153125 0.25390625
1 0.96171875 0.43203125 0.07421875 0.146875
1 0.9625 0.79765625 0.03125 0.0484375
1 0.94609375 0.84921875 0.0234375 0.03984375
1 0.91484375 0.86953125 0.02890625 0.04140625
1 0.91953125 0.91328125 0.02890625 0.04140625
1 0.98984375 0.98359375 0.0203125 0.0328125
1 0.86640625 0.1625 0.13359375 0.19375
1 0.93203125 0.27578125 0.1359375 0.1734375
1 0.9875 0.29765625 0.025 0.17421875
1 0.95546875 0.10390625 0.0859375 0.2078125
1 0.81640625 0.32265625 0.07109375 0.17265625
1 0.7421875 0.1109375 0.1453125 0.20859375
1 0.83515625 0.01171875 0.1515625 0.02265625
1 0.6953125 0.0234375 0.115625 0.046875
1 0.06953125 0.734375 0.10546875 0.09140625
1 0.68125 0.53046875 0.0546875 0.09765625