1 0.33828125 0.7078125 0.146875 0.28984375
1 0.478125 0.77265625 0.13046875 0.20078125
1 0.48515625 0.45234375 0.20625 0.4578125
1 0.47578125 0.2359375 0.17890625 0.1796875
1 0.2046875 0.4375 0.15 0.2796875
1 0.30390625 0.32734375 0.11015625 0.221875
1 0.18828125 0.1359375 0.0984375 0.1859375
1 0.340625 0.1109375 0.13828125 0.221875
1 0.2484375 0.07265625 0.10234375 0.1453125
1 0.0765625 0.74609375 0.0859375 0.1640625
1 0.15625 0.6578125 0.10234375 0.1390625
1 0.040625 0.87890625 0.06640625 0.1546875
1 0.33203125 0.9359375 0.21640625 0.128125
1 0.7015625 0.80234375 0.1640625 0.2203125
1 0.68125 0.55703125 0.21171875 0.40546875
1 0.65390625 0.325 0.22265625 0.3140625
1 0.8125 0.30625 0.06796875 0.2015625
1 0.9390625 0.1421875 0.121875 0.28125
1 0.63671875 0.08359375 0.12265625 0.1671875
1 0.86875 0.9265625 0.25625 0.146875
1 0.96171875 0.7671875 0.0765625 0.23125
1 0.90703125 0.50625 0.103125 0.25234375
1 0.853125 0.26015625 0.16953125 0.2546875
1 0.12734375 0.98125 0.109375 0.03671875
1 0.5140625 0.93359375 0.153125 0.13203125