1 0.1734375 0.81796875 0.04765625 0.10078125
1 0.4703125 0.53125 0.059375 0.12265625
1 0.778125 0.16953125 0.06015625 0.11171875
1 0.4796875 0.85546875 0.053125 0.1140625
1 0.44765625 0.915625 0.0375 0.06953125
1 0.43515625 0.96875 0.0546875 0.0625
1 0.54375 0.7875 0.04609375 0.08671875
1 0.59140625 0.88046875 0.0515625 0.09453125
1 0.54921875 0.9609375 0.065625 0.07734375
1 0.49453125 0.98359375 0.04609375 0.03203125
1 0.5875 0.9578125 0.03984375 0.084375
1 0.82265625 0.1375 0.034375 0.0875
1 0.23046875 0.70625 0.0765625 0.11484375
1 0.23828125 0.57265625 0.059375 0.1
1 0.29140625 0.6421875 0.0515625 0.1375
1 0.44296875 0.14453125 0.075 0.071875
1 0.45234375 0.225 0.0546875 0.1109375
1 0.521875 0.1515625 0.06015625 0.07265625
1 0.57421875 0.16328125 0.05703125 0.07890625
1 0.61953125 0.1875 0.040625 0.075
1 0.590625 0.284375 0.078125 0.134375
1 0.51171875 0.22890625 0.078125 0.07578125
1 0.5171875 0.309375 0.0609375 0.09765625
1 0.40078125 0.38125 0.04765625 0.07265625
1 0.44609375 0.33828125 0.05078125 0.0828125
1 0.43515625 0.40703125 0.04609375 0.0671875
1 0.42578125 0.46953125 0.05234375 0.0671875
1 0.47578125 0.4203125 0.04375 0.05546875
1 0.52890625 0.4375 0.06640625 0.07265625
1 0.6640625 0.82265625 0.08515625 0.1734375
1 0.70390625 0.73359375 0.05703125 0.121875
1 0.7671875 0.71953125 0.06640625 0.1234375
1 0.73046875 0.825 0.05234375 0.096875
1 0.790625 0.81953125 0.0828125 0.15078125
1 0.7546875 0.92265625 0.07890625 0.12265625
1 0.69609375 0.5609375 0.1015625 0.1671875
1 0.8015625 0.528125 0.06796875 0.128125
1 0.634375 0.39609375 0.0515625 0.11484375
1 0.6828125 0.3953125 0.07890625 0.15703125
1 0.74140625 0.44296875 0.06015625 0.15625
1 0.75078125 0.34296875 0.04609375 0.12578125
1 0.790625 0.28359375 0.075 0.125
1 0.85 0.35234375 0.05703125 0.1109375
1 0.85078125 0.4515625 0.07109375 0.14296875
1 0.53984375 0.5171875 0.0859375 0.1140625
1 0.55234375 0.60625 0.0625 0.11796875
1 0.62421875 0.5890625 0.071875 0.1734375
1 0.5109375 0.659375 0.05703125 0.13359375
1 0.4625 0.65078125 0.053125 0.125
1 0.15 0.7265625 0.06796875 0.08125
1 0.1390625 0.828125 0.040625 0.09765625
1 0.15390625 0.9078125 0.04453125 0.07578125
1 0.203125 0.8875 0.040625 0.06953125
1 0.24921875 0.83359375 0.0296875 0.0703125
1 0.19453125 0.96640625 0.02578125 0.053125
1 0.21953125 0.96875 0.02890625 0.06171875
1 0.23671875 0.9328125 0.01953125 0.046875
1 0.22109375 0.79296875 0.03203125 0.0453125
1 0.26328125 0.79453125 0.02109375 0.04375
1 0.28046875 0.8046875 0.0171875 0.0421875
1 0.0734375 0.9171875 0.03984375 0.11484375
1 0.09296875 0.86171875 0.0296875 0.0578125
1 0.12109375 0.9609375 0.0453125 0.07734375
1 0.67265625 0.1078125 0.04140625 0.06328125
1 0.6625 0.1546875 0.02421875 0.03984375
1 0.6984375 0.13125 0.03984375 0.084375
1 0.6265625 0.1265625 0.04453125 0.04453125
1 0.6328125 0.06875 0.06015625 0.05390625
1 0.503125 0.02734375 0.053125 0.0546875
1 0.25703125 0.25078125 0.05703125 0.08046875
1 0.17890625 0.5703125 0.06484375 0.11171875
1 0.17265625 0.64921875 0.0703125 0.08359375
1 0.27890625 0.46640625 0.040625 0.07265625
1 0.0859375 0.66875 0.05 0.17890625
1 0.3796875 0.0578125 0.0375 0.05546875
1 0.3375 0.0109375 0.06015625 0.021875
1 0.32109375 0.08203125 0.053125 0.0984375
1 0.3125 0.3 0.04609375 0.08359375
1 0.3078125 0.390625 0.0515625 0.0828125
1 0.31015625 0.55 0.04375 0.08046875
1 0.3390625 0.47578125 0.040625 0.0703125
1 0.36640625 0.56328125 0.03984375 0.0890625
1 0.37265625 0.309375 0.04453125 0.084375
1 0.35625 0.21953125 0.05859375 0.103125
1 0.04765625 0.64453125 0.02734375 0.1125
1 0.0453125 0.74140625 0.02734375 0.05859375
1 0.21796875 0.128125 0.0796875 0.078125
1 0.19375 0.3265625 0.0671875 0.08046875
1 0.21171875 0.37890625 0.06171875 0.0859375
1 0.1625 0.4671875 0.06640625 0.07890625
1 0.1078125 0.53984375 0.078125 0.11171875
1 0.159375 0.26875 0.04296875 0.07734375
1 0.26171875 0.021875 0.0546875 0.04375
1 0.28671875 0.07890625 0.04296875 0.06171875
1 0.28515625 0.18203125 0.06015625 0.10390625
1 0.43125 0.0484375 0.08125 0.096875
1 0.67734375 0.0421875 0.040625 0.07578125