1 0.5953125 0.34140625 0.11328125 0.2265625
1 0.15078125 0.67109375 0.1625 0.3703125
1 0.15234375 0.35078125 0.19765625 0.24609375
1 0.29375 0.31171875 0.10625 0.23359375
1 0.39453125 0.45 0.1015625 0.23359375
1 0.459375 0.56171875 0.11875 0.1953125
1 0.3546875 0.68671875 0.13515625 0.24921875
1 0.375 0.890625 0.11875 0.21875
1 0.596875 0.5625 0.146875 0.22265625
1 0.703125 0.6640625 0.1203125 0.2171875
1 0.49453125 0.3859375 0.0953125 0.22578125
1 0.30703125 0.15859375 0.12734375 0.1234375
1 0.43515625 0.13125 0.0953125 0.2625
1 0.40625 0.253125 0.11171875 0.18046875
1 0.7453125 0.4890625 0.14921875 0.20859375
1 0.7015625 0.34140625 0.09140625 0.16171875
1 0.634375 0.08984375 0.125 0.1796875
1 0.9421875 0.090625 0.0234375 0.0421875
1 0.96015625 0.128125 0.0296875 0.06484375
1 0.67265625 0.19609375 0.109375 0.1484375
1 0.76875 0.21953125 0.0734375 0.13046875
1 0.809375 0.33828125 0.09375 0.18984375
1 0.86015625 0.26640625 0.0875 0.1640625
1 0.921875 0.35625 0.1265625 0.20390625
1 0.83125 0.55390625 0.09921875 0.18359375
1 0.03359375 0.421875 0.0671875 0.29609375
1 0.05078125 0.615625 0.09921875 0.2671875
1 0.27734375 0.55234375 0.1453125 0.240625
1 0.9203125 0.546875 0.0703125 0.1390625
1 0.92109375 0.20078125 0.0296875 0.0453125
1 0.90546875 0.1515625 0.021875 0.03828125
1 0.87578125 0.13203125 0.02734375 0.0390625
1 0.88046875 0.09140625 0.02734375 0.0390625
1 0.95234375 0.0203125 0.0296875 0.03984375
1 0.96796875 0.08203125 0.01640625 0.0203125
1 0.9859375 0.11015625 0.028125 0.0515625
1 0.98515625 0.165625 0.0296875 0.05390625
1 0.8296875 0.80234375 0.1265625 0.18359375
1 0.89375 0.69609375 0.1296875 0.1640625
1 0.96640625 0.675 0.0671875 0.16484375
1 0.9359375 0.8796875 0.125 0.240625
1 0.78203125 0.65078125 0.06796875 0.1640625
1 0.7125 0.8515625 0.13828125 0.19765625
1 0.8 0.9671875 0.14375 0.065625
1 0.6671875 0.95625 0.109375 0.0875
1 0.07421875 0.26015625 0.1 0.08671875
1 0.6546875 0.45390625 0.0515625 0.0921875