1 0.3421875 0.29921875 0.14453125 0.28515625
1 0.4796875 0.23515625 0.12890625 0.19765625
1 0.4859375 0.55078125 0.203125 0.45
1 0.47734375 0.76328125 0.17578125 0.1765625
1 0.2109375 0.565625 0.14765625 0.27578125
1 0.30859375 0.6734375 0.10859375 0.21796875
1 0.19375 0.86171875 0.096875 0.18359375
1 0.34375 0.88828125 0.1359375 0.2234375
1 0.253125 0.9265625 0.1015625 0.146875
1 0.08359375 0.2609375 0.08515625 0.16171875
1 0.1625 0.3484375 0.10078125 0.13671875
1 0.0484375 0.13046875 0.065625 0.1515625
1 0.3359375 0.06875 0.21328125 0.1375
1 0.7 0.20625 0.16171875 0.2171875
1 0.67890625 0.446875 0.2078125 0.39921875
1 0.653125 0.67578125 0.21875 0.309375
1 0.80859375 0.69375 0.0671875 0.1984375
1 0.9359375 0.85859375 0.125 0.2828125
1 0.63515625 0.915625 0.12109375 0.16875
1 0.86484375 0.078125 0.25234375 0.15625
1 0.959375 0.24140625 0.08046875 0.2265625
1 0.9015625 0.49765625 0.1015625 0.2484375
1 0.8484375 0.73984375 0.16640625 0.25078125
1 0.134375 0.02421875 0.1078125 0.04765625
1 0.51484375 0.07109375 0.15078125 0.1421875