1 0.1640625 0.83515625 0.04921875 0.10390625
1 0.47109375 0.5390625 0.0609375 0.1265625
1 0.7890625 0.16640625 0.06171875 0.115625
1 0.48046875 0.87421875 0.0546875 0.11796875
1 0.446875 0.93671875 0.0390625 0.071875
1 0.434375 0.97890625 0.05625 0.0421875
1 0.546875 0.80390625 0.046875 0.08984375
1 0.5953125 0.9 0.05390625 0.09765625
1 0.5515625 0.97109375 0.0671875 0.05703125
1 0.4953125 0.99453125 0.046875 0.0109375
1 0.59140625 0.96796875 0.040625 0.06328125
1 0.834375 0.1328125 0.03515625 0.090625
1 0.22265625 0.7203125 0.0796875 0.11875
1 0.23125 0.5828125 0.0609375 0.103125
1 0.28671875 0.65390625 0.053125 0.1421875
1 0.4421875 0.13984375 0.07734375 0.07421875
1 0.4515625 0.22265625 0.05625 0.1140625
1 0.52421875 0.14765625 0.06171875 0.075
1 0.578125 0.159375 0.059375 0.08203125
1 0.625 0.184375 0.04140625 0.07734375
1 0.5953125 0.284375 0.08046875 0.1390625
1 0.51328125 0.22734375 0.08046875 0.078125
1 0.51953125 0.31015625 0.06328125 0.10078125
1 0.39921875 0.384375 0.04921875 0.075
1 0.44609375 0.340625 0.05234375 0.08515625
1 0.43515625 0.4109375 0.046875 0.06953125
1 0.42421875 0.47578125 0.05390625 0.06953125
1 0.4765625 0.425 0.0453125 0.05703125
1 0.53125 0.44296875 0.06875 0.075
1 0.6703125 0.83984375 0.0875 0.17890625
1 0.71171875 0.7484375 0.059375 0.12578125
1 0.77734375 0.73359375 0.06875 0.12734375
1 0.73984375 0.84296875 0.05390625 0.1
1 0.8015625 0.8375 0.0859375 0.15546875
1 0.7640625 0.93984375 0.08125 0.1203125
1 0.70390625 0.5703125 0.1046875 0.17265625
1 0.81328125 0.53671875 0.0703125 0.13203125
1 0.640625 0.4 0.053125 0.11875
1 0.68984375 0.39921875 0.08125 0.1625
1 0.75078125 0.44765625 0.06171875 0.1609375
1 0.76015625 0.3453125 0.046875 0.1296875
1 0.8015625 0.28359375 0.07734375 0.12890625
1 0.86328125 0.3546875 0.059375 0.1140625
1 0.8640625 0.45703125 0.0734375 0.14765625
1 0.54296875 0.525 0.0890625 0.11796875
1 0.55625 0.61640625 0.06484375 0.121875
1 0.6296875 0.59921875 0.07421875 0.17890625
1 0.5125 0.671875 0.059375 0.1375
1 0.4625 0.6625 0.0546875 0.12890625
1 0.13984375 0.740625 0.0703125 0.084375
1 0.12890625 0.8453125 0.0421875 0.10078125
1 0.14453125 0.92890625 0.04609375 0.078125
1 0.1953125 0.90703125 0.04140625 0.071875
1 0.2421875 0.8515625 0.03046875 0.07265625
1 0.1859375 0.98046875 0.0265625 0.0390625
1 0.2109375 0.97890625 0.028125 0.0421875
1 0.2296875 0.95390625 0.0203125 0.0484375
1 0.2140625 0.81015625 0.03359375 0.046875
1 0.25703125 0.8109375 0.021875 0.04453125
1 0.275 0.821875 0.01796875 0.04375
1 0.0609375 0.9375 0.040625 0.11875
1 0.08125 0.88125 0.03046875 0.059375
1 0.1109375 0.97109375 0.046875 0.05703125
1 0.6796875 0.1015625 0.04296875 0.06484375
1 0.66953125 0.15078125 0.025 0.04140625
1 0.70625 0.1265625 0.040625 0.0875
1 0.63203125 0.121875 0.04609375 0.04609375
1 0.6390625 0.06171875 0.06171875 0.05625
1 0.50546875 0.0234375 0.0546875 0.046875
1 0.25 0.25 0.05859375 0.0828125
1 0.1703125 0.5796875 0.06640625 0.115625
1 0.1640625 0.66171875 0.07265625 0.0859375
1 0.2734375 0.471875 0.0421875 0.075
1 0.07421875 0.68125 0.0515625 0.18515625
1 0.37734375 0.05078125 0.03828125 0.05703125
1 0.33359375 0.00703125 0.06171875 0.01328125
1 0.31640625 0.07578125 0.0546875 0.1015625
1 0.3078125 0.30078125 0.046875 0.0859375
1 0.303125 0.39453125 0.05390625 0.08515625
1 0.30546875 0.55859375 0.0453125 0.0828125
1 0.33515625 0.48203125 0.04140625 0.07265625
1 0.3640625 0.57265625 0.040625 0.0921875
1 0.3703125 0.31015625 0.04609375 0.0875
1 0.353125 0.21796875 0.06015625 0.10625
1 0.03515625 0.65625 0.028125 0.11640625
1 0.03203125 0.75625 0.028125 0.06015625
1 0.21015625 0.1234375 0.08203125 0.08046875
1 0.18515625 0.328125 0.06953125 0.0828125
1 0.20390625 0.3828125 0.06328125 0.08828125
1 0.153125 0.4734375 0.06875 0.08203125
1 0.09609375 0.5484375 0.08046875 0.115625
1 0.15 0.26796875 0.04453125 0.0796875
1 0.25546875 0.01875 0.05625 0.03671875
1 0.28125 0.071875 0.04453125 0.0640625
1 0.2796875 0.17890625 0.0625 0.1078125
1 0.43046875 0.0453125 0.08359375 0.090625
1 0.684375 0.03671875 0.0421875 0.0734375